{
    "acc": 65.54878048780488,
    "precision": 62.4,
    "recall": 30.35019455252918,
    "f1_score": 40.83769633507853
}